start blocks
129.235
383.196
254
63
0
3584.76
383.196
254
63
0
320.235
444.196
63
194
0
3584.76
444.196
63
194
0
257.235
576.196
64
318
0
3646.76
576.196
64
318
0
129.235
642.196
133
62
0
3705.76
642.196
133
62
0
193.235
702.196
64
128
0
3710.76
702.196
64
128
0
128.235
769.196
98
62
0
3741.76
769.196
98
62
0
317.235
830.716
66
255
0
3584.76
830.716
66
255
0
128.235
1024.72
241
62
0
3598.76
1024.72
241
62
0
384.392
191.113
64
129
0
3519.61
191.113
64
129
0
513.392
257.113
62
63
0
3392.61
257.113
62
63
0
-0.836533
188.113
64
1155.2
0
3904.84
188.113
64
1155.2
0
63.1635
1281.32
638.742
62
0
3266.09
1281.32
638.742
62
0
640.601
1217.32
126
63
0
3201.4
1217.32
126
63
0
704.601
1153.32
128
63
0
3135.4
1153.32
128
63
0
767.601
832.941
63
320.376
0
3137.4
832.941
63
320.376
0
767.601
832.941
128
60
0
3072.4
832.941
128
60
0
512.601
1022.94
264
64.0001
0
3191.4
1022.94
264
64.0001
0
383.996
1151.94
64
129
0
3520
1151.94
64
129
0
512.996
1150.94
65
65
0
3390
1150.94
65
65
0
58.1607
894.854
135
64
0
3774.84
894.854
135
64
0
57.1607
509.89
135
65
0
3775.84
509.89
135
65
0
640.311
191.489
127
65
0
3200.69
191.489
127
65
0
705.311
254.489
127
65
0
3135.69
254.489
127
65
0
769.311
319.489
65
320
0
3133.69
319.489
65
320
0
834.311
577.489
61
62
0
3072.69
577.489
61
62
0
513.311
383.489
259
64
0
3195.69
383.489
259
64
0
1730.63
768.785
123
188.25
0
2114.37
768.785
123
188.25
0
1477.94
-0.935913
107.25
126
0
2382.81
-0.935913
107.25
126
0
1540.94
124.314
182.25
319.94
0
2244.81
124.314
182.25
319.94
0
1723.94
1.0965
63.75
249.657
0
2180.31
1.0965
63.75
249.657
0
1788.44
0.346497
61.5
186
0
2118.06
0.346497
61.5
186
0
1847.25
91.8465
283.5
33
0
1924.86
320.087
120.75
126
0
2117.67
513.917
117.75
184.5
0
1732.58
513.917
117.75
184.5
0
1925.82
1028.26
118.125
118.688
0
1475.02
1346.27
95.0625
124.312
0
2397.91
1346.27
95.0625
124.312
0
1539.88
1026.91
183.375
318.938
0
2244.74
1026.91
183.375
318.938
0
1723.24
1220.26
64.6875
153
0
2180.07
1220.26
64.6875
153
0
1788.49
1284.95
62.4375
120.938
0
2117.07
1284.95
62.4375
120.938
0
1850.44
1346.83
271.125
83.8125
0
-0.026886
-16.1413
958.033
16.196
0
3009.99
-16.1413
958.033
16.196
0
-10.4496
-0.156694
10.5007
1476.1
0
3967.95
-0.156694
10.5007
1476.1
0
-0.126881
1472.03
943.116
105.429
0
3025.01
1472.03
943.116
105.429
0
926.229
0.0932377
514.125
160.312
1
2527.65
0.0932377
514.125
160.312
1
991.479
160.968
129.938
95.625
1
2846.58
160.968
129.938
95.625
1
1120.85
158.156
257.062
68.0625
1
2590.08
158.156
257.062
68.0625
1
1247.42
224.824
130.5
167.104
1
2590.08
224.824
130.5
167.104
1
992.042
318.24
129.375
99
1
2846.58
318.24
129.375
99
1
1054.48
350.083
322.312
289.688
1
2591.21
350.083
322.312
289.688
1
1055.04
829.21
322.312
291.938
1
2590.65
829.21
322.312
291.938
1
992.042
1056.46
128.812
96.1876
1
2847.15
1056.46
128.812
96.1876
1
1246.46
1120.72
131.062
261
1
2590.48
1120.72
131.062
261
1
990.521
1214.66
131.625
135.562
1
2845.85
1214.66
131.625
135.562
1
1121.58
1246.16
180.562
125.438
1
2665.85
1246.16
180.562
125.438
1
926.426
1311.43
514.125
185.062
1
2527.45
1311.43
514.125
185.062
1
895.566
1472.07
597.626
28.2656
0
2474.81
1472.07
597.626
28.2656
0
2489.67
-28.0113
588.014
28.1602
0
890.32
-28.0113
588.014
28.1602
0
3520.19
-0.0410998
438.053
190.469
0
9.75269
-0.0410998
438.053
190.469
0
3518.49
1344.18
260.438
136.688
0
189.072
1344.18
260.438
136.688
0
430.998
129.107
272.25
63
0
3264.75
129.107
272.25
63
0
end blocks
start foreground
overgroundgrass1.png
125.539
1216.87
overgroundgrass1.png
3842.46
1216.87
overgroundgrass1.png
128.347
251.74
overgroundgrass1.png
3839.65
251.74
overgroundgrass1.png
1455.53
263.003
overgroundgrass1.png
2512.47
263.003
overgroundgrass1.png
1456.35
1205.53
overgroundgrass1.png
2511.65
1205.53
overgroundgrass1.png
3432.16
63.8343
overgroundgrass1.png
535.835
63.8343
overgroundgrass1.png
3439.27
1406.07
overgroundgrass1.png
528.729
1406.07
overgroundgrass7.png
1791.9
735.408
overgroundgrass7.png
2176.1
735.408
overgroundgrass7.png
1983.78
998.372
overgroundgrass7.png
1985.46
476.378
overgroundgrass30.png
669.264
283.982
overgroundgrass33.png
670.205
1188.8
overgroundgrass31.png
3300.86
283.318
overgroundgrass32.png
3300.43
1187.18
overgroundgrass24.png
1984.92
740.687
overgroundgrass5.png
2116.01
1218.83
overgroundgrass5.png
1850.04
253.56
overgroundgrass6.png
2114.49
251.611
overgroundgrass6.png
1852.78
1219.99
end foreground
begin portal
88.1502
217.239
18
17.4375
157.338
282.489
2
504.009
56.2725
17.4375
16.875
661.509
21.96
2
662.901
280.727
21.0938
15.6094
660.792
554.657
2
503.809
1402.27
17.7188
14.3438
664.965
1431.38
2
86.7727
1240.76
19.4062
17.2969
153.851
1177.06
2
663.371
1177.72
18.1406
14.7656
663.371
910.151
2
1175.52
1177.82
18.1406
13.9219
1109.29
1304.38
2
1173.83
281.172
20.25
16.0312
1112.24
149.293
2
1445.57
232.72
20.6719
15.6094
1558.62
154.328
2
1446.76
1223.2
18.5625
18.1406
1561.81
1310.52
2
2503.82
1225.19
19.8281
15.1875
2391.9
1313.77
2
2772.99
282.626
20.25
12.2344
2837.96
156.907
2
2775.1
1176.2
18.1406
16.4531
2839.05
1299.86
2
3446.84
1402.07
20.25
14.3438
3286.04
1427.94
2
3862.42
1241.33
19.4062
17.2969
3792.81
1176.79
2
3286.32
1176.62
18.9844
16.875
3287.17
922.247
2
3286.75
280.142
20.6719
15.6094
3287.59
530.161
2
3442.77
55.4851
24.4688
17.7188
3287.95
29.3289
2
3862.66
216.723
18.5625
15.6094
3788.84
280.005
2
end portal
begin gun giver
544.167
736.376
1
3423.83
736.376
1
543.582
576.16
2
3424.42
576.16
2
544.004
895.997
0
3424
895.997
0
end gun giver
begin overground image
maptest.png
end overground image
begin red flag
161.58
735.555
end red flag
begin blue flag
3807.34
737.276
end blue flag
begin red spawn
321.765
642.72
62.8594
182.25
end red spawn
begin blue spawn
3586.16
642.298
59.4844
186.891
end blue spawn
