start blocks
364
142
372
206
373
269
373
331
371
392
367
452
366
512
363
697
359
759
355
820
25
134
19
199
1
384
-5
453
-7
517
-13
582
-15
646
-21
708
-23
773
-27
833
-91
873
-156
878
-216
880
-277
880
-341
880
-406
882
-466
882
-527
882
-595
882
-662
882
-724
882
-761
820
-757
634
-687
609
-613
609
-542
609
-343
617
-281
617
-220
617
-775
406
-712
410
-652
410
-591
410
-519
410
-445
410
-375
410
-312
410
-250
408
-187
406
-126
406
-66
406
-843
404
-904
400
-929
330
-933
255
-933
187
-873
197
-808
193
-748
197
-685
197
-625
197
-558
197
-492
193
-431
189
-363
183
-300
183
-238
183
-177
183
-1052
1111
-990
1115
-929
1115
-869
1117
-806
1117
-744
1117
-673
1121
-599
1121
-529
1121
-458
1121
-392
1121
-328
1121
-263
1121
-199
1121
-138
1121
-1121
21
-1123
89
-1125
160
-1125
222
-1125
289
-1125
357
-1125
423
-1125
486
-1125
552
-1125
615
-1125
687
-1125
751
-1125
812
-1125
873
-1125
935
-1121
998
-1117
1064
-1123
1126
-1125
1187
-1123
1250
-1103
1310
-1103
1375
-1105
1439
-1105
1500
-1107
1560
-1046
1605
-986
1609
-917
1611
-855
1615
-787
1615
-716
1619
-656
1621
-582
1625
-515
1625
-445
1628
-384
1628
-320
1628
-251
1630
-191
1630
-125
1630
-60
1626
1
1623
68
1621
132
1615
201
1613
261
1611
324
1607
384
1607
451
1607
513
1607
583
1607
656
1607
716
1607
777
1607
845
1605
923
1605
988
1605
1052
1605
1113
1605
1173
1605
1236
1603
1298
1603
1365
1601
1425
1601
1488
1601
1548
1601
1572
1537
1572
1470
1574
1406
1580
1345
1583
1283
1593
1218
1593
1158
1589
1095
1585
1029
1587
958
1593
892
1595
832
1603
769
1607
703
1603
628
1605
562
1601
492
1597
425
1595
359
1597
291
1597
228
1597
167
1591
105
1591
44
1527
9
1464
9
1404
2
1340
2
1272
2
1208
2
1143
5
1077
5
1011
5
947
5
879
2
811
0
750
0
688
0
627
0
-1051
-21
-956
-28
-893
-28
-832
-28
-756
-28
-678
-28
-612
-28
-541
-33
-470
-33
-397
-33
-331
-33
-260
-33
-199
-33
-124
-33
-58
-33
10
-33
73
-33
137
-33
205
-33
266
-33
330
-33
393
-33
461
-33
522
-33
574
247
649
247
732
247
806
247
879
247
959
247
1033
247
1094
247
1155
234
1223
237
1296
237
1357
237
581
378
645
381
710
381
774
381
835
381
901
381
964
381
1025
381
1094
383
1155
383
1218
383
1284
383
1313
444
1318
505
1316
566
1313
691
1311
754
1301
820
1304
881
1304
942
1301
1003
1287
630
1172
542
1101
540
1038
540
974
540
913
540
837
540
762
540
701
540
640
540
579
559
574
625
571
688
581
750
581
813
649
840
720
830
786
825
847
823
916
823
977
823
1038
823
1099
823
1094
884
1089
950
1069
1013
1055
1074
857
1074
791
1074
730
1074
662
1074
596
1072
532
1069
515
1135
503
1196
486
1257
474
1318
886
1279
881
1340
1069
1135
1069
1208
1072
1270
1135
1294
1211
1294
1287
1294
1348
1294
908
1401
986
1418
1055
1428
1123
1438
1184
1440
1248
1440
1309
1458
447
1379
430
1440
369
1455
303
1458
239
1458
176
1460
-21
1465
-89
1467
-160
1470
-226
1470
-287
1470
-351
1470
-412
1470
-475
1470
-746
1309
-678
1306
-614
1306
-546
1306
-485
1306
-419
1306
-353
1309
-292
1309
-226
1309
-160
1309
-99
1309
-36
1309
24
1309
85
1309
-539
1458
-600
1455
-663
1455
-727
1455
-788
1453
-851
1453
149
1323
146
1384
273
779
end blocks
start foreground
168.945
432.159
180.389
1092.1
435.974
1092.1
455.048
622.894
435.974
779.297
-830.505
668.671
-433.777
661.041
-639.771
664.856
897.553
1267.58
1393.46
1401.09
1404.91
1244.69
end foreground
