start blocks
129.235
383.196
254
63
3584.76
383.196
254
63
320.235
444.196
63
194
3584.76
444.196
63
194
257.235
576.196
64
318
3646.76
576.196
64
318
129.235
642.196
133
62
3705.76
642.196
133
62
193.235
702.196
64
128
3710.76
702.196
64
128
128.235
769.196
98
62
3741.76
769.196
98
62
317.235
830.716
66
255
3584.76
830.716
66
255
128.235
1024.72
241
62
3598.76
1024.72
241
62
1.39249
129.113
701
63
3265.61
129.113
701
63
384.392
191.113
64
129
3519.61
191.113
64
129
513.392
257.113
62
63
3392.61
257.113
62
63
-0.836533
188.113
64
1155.2
3904.84
188.113
64
1155.2
63.1635
1281.32
638.742
62
3266.09
1281.32
638.742
62
640.601
1217.32
126
63
3201.4
1217.32
126
63
704.601
1153.32
128
63
3135.4
1153.32
128
63
767.601
832.941
63
320.376
3137.4
832.941
63
320.376
767.601
832.941
128
60
3072.4
832.941
128
60
512.601
1022.94
264
64.0001
3191.4
1022.94
264
64.0001
383.996
1151.94
64
129
3520
1151.94
64
129
512.996
1150.94
65
65
3390
1150.94
65
65
58.1607
894.854
135
64
3774.84
894.854
135
64
57.1607
509.89
135
65
3775.84
509.89
135
65
640.311
191.489
127
65
3200.69
191.489
127
65
705.311
254.489
127
65
3135.69
254.489
127
65
769.311
319.489
65
320
3133.69
319.489
65
320
834.311
577.489
61
62
3072.69
577.489
61
62
513.311
383.489
259
64
3195.69
383.489
259
64
930.479
1309.43
512
160
2525.52
1309.43
512
160
991.479
1213.43
129
111
2847.52
1213.43
129
111
1121.48
1245.43
257
72
2589.52
1245.43
257
72
1247.48
831.336
131
414.091
2589.52
831.336
131
414.091
1056.48
831.336
191
290
2720.52
831.336
191
290
991.479
1055.34
131
97
2845.52
1055.34
131
97
1056.48
352.235
321
288
2590.52
352.235
321
288
992.479
319.235
129
95
2846.52
319.235
129
95
927.479
-2.43134
513
160
2527.52
-2.43134
513
160
991.603
155.569
130
100
2846.4
155.569
130
100
1123.6
155.569
253
67
2591.4
155.569
253
67
1247.6
220.569
128
164
2592.4
220.569
128
164
1730.63
768.785
123
188.25
2114.37
768.785
123
188.25
1477.94
-0.935913
107.25
126
2382.81
-0.935913
107.25
126
1540.94
124.314
182.25
319.94
2244.81
124.314
182.25
319.94
1723.94
1.0965
63.75
249.657
2180.31
1.0965
63.75
249.657
1788.44
0.346497
61.5
186
2118.06
0.346497
61.5
186
1847.25
91.8465
283.5
33
1924.86
320.087
120.75
126
2117.67
513.917
117.75
184.5
1732.58
513.917
117.75
184.5
1925.82
1028.26
118.125
118.688
1475.02
1346.27
95.0625
124.312
2397.91
1346.27
95.0625
124.312
1539.88
1026.91
183.375
318.938
2244.74
1026.91
183.375
318.938
1723.24
1220.26
64.6875
153
2180.07
1220.26
64.6875
153
1788.49
1284.95
62.4375
120.938
2117.07
1284.95
62.4375
120.938
1850.44
1346.83
271.125
83.8125
-0.026886
-16.1413
958.033
16.196
3009.99
-16.1413
958.033
16.196
-10.4496
-0.156694
10.5007
1476.1
3967.95
-0.156694
10.5007
1476.1
-0.126881
1472.03
943.116
105.429
3025.01
1472.03
943.116
105.429
1437.19
1472.34
57.7969
20.6719
2473.02
1472.34
57.7969
20.6719
1440.56
-20.6888
51.4688
20.6719
2475.97
-20.6888
51.4688
20.6719
end blocks
start foreground
end foreground
begin portal
2778.15
282.548
12
11.25
2775.9
137.798
2
1176.95
284.528
11.707
10.125
1175.05
128.64
2
end portal
begin gun giver
3428.93
904.048
0
539.071
904.048
0
3428.02
736.542
1
539.981
736.542
1
3432.23
576.41
2
535.767
576.41
2
end gun giver
begin overground image
maptest.png
end overground image
begin red flag
173.77
734.855
end red flag
begin blue flag
3794.23
734.855
end blue flag
begin red spawn
343.153
654.699
123.259
158.025
end red spawn
begin blue spawn
3514.16
641.983
123
185
end blue spawn
