start blocks
0
0
646
944
779
1105
237
183
590
423
1093
1830
1342
1786
1098
1627
1143
1492
1317
1638
743
469
694
542
923
230
562
240
1362
93
1421
421
355
287
294
282
233
332
212
394
233
456
354
206
418
232
417
167
362
82
281
116
118
23
24
83
87
134
81
213
73
289
73
388
75
451
109
572
178
602
248
631
337
644
944
393
992
330
1009
168
943
135
881
99
817
51
753
89
676
134
580
323
620
516
755
540
830
502
898
456
522
447
444
445
336
431
407
366
502
360
501
526
398
597
672
434
135
460
-4
456
687
300
757
303
860
321
214
268
511
135
582
120
814
111
770
665
216
860
522
860
606
801
720
-11
464
782
548
701
194
765
-39
120
-106
71
-149
7
-210
-42
-43
381
35
613
57
745
63
674
end blocks
