start blocks
130.104
-31.0858
187.5
347.25
0
3650.4
-31.0858
187.5
347.25
0
316.933
-7.08075
63
128.25
0
3588.07
-7.08075
63
128.25
0
378.808
-31.8307
65.25
88.875
0
3523.94
-31.8307
65.25
88.875
0
517.04
132.402
246.375
117.562
0
3204.58
132.402
246.375
117.562
0
517.04
248.839
118.125
194.625
0
3332.83
248.839
118.125
194.625
0
635.165
322.527
129.375
120.938
0
3203.46
322.527
129.375
120.938
0
131.184
384.428
186
123.75
0
3650.82
384.428
186
123.75
0
1116.5
27.5022
32.0625
263.25
0
2819.44
27.5022
32.0625
263.25
0
1148.56
257.565
102.938
33.1875
0
2716.5
257.565
102.938
33.1875
0
1219.43
133.815
32.0625
123.75
0
2716.5
133.815
32.0625
123.75
0
1245.31
133.252
157.5
29.8125
0
2565.19
133.252
157.5
29.8125
0
1373.56
162.502
32.625
217.888
0
2561.82
162.502
32.625
217.888
0
1116.5
348.328
259.312
30.9375
0
2592.19
348.328
259.312
30.9375
0
1116.5
348.328
33.1875
262.123
0
2818.32
348.328
33.1875
262.123
0
1149.26
579.084
793.193
55.3882
0
2025.55
579.084
793.193
55.3882
0
1942.32
579.082
85.6077
53.2156
0
1795.91
130.444
375.888
32.1273
0
1797.44
349.321
373.409
28.4766
0
1796.42
157.465
30.0586
191.171
0
2141.22
160.945
30.375
191.857
0
2308.47
323.55
119.424
184.182
0
1540.51
322.527
119.812
185.625
0
132.225
964.579
184.781
119.285
0
3650.99
964.579
184.781
119.285
0
132.857
1155.84
184.465
356.957
0
3650.68
1155.84
184.465
356.957
0
317.145
1348.68
62.9648
174.099
0
3587.89
1348.68
62.9648
174.099
0
379.161
1412.35
64.5469
75.9375
0
3524.29
1412.35
64.5469
75.9375
0
517.598
1028.29
244.33
27.5273
0
3206.07
1028.29
244.33
27.5273
0
517.598
1028.29
30.375
310.836
0
3420.03
1028.29
30.375
310.836
0
547.973
1309.7
215.112
29.4258
0
3204.91
1309.7
215.112
29.4258
0
734.925
1220.48
28.1602
89.2266
0
3204.91
1220.48
28.1602
89.2266
0
608.046
1220.48
126.879
29.6208
0
3233.07
1220.48
126.879
29.6208
0
608.046
1115.94
28.1602
134.156
0
3331.79
1115.94
28.1602
134.156
0
636.206
1115.94
128.145
30.0586
0
3203.65
1115.94
128.145
30.0586
0
733.976
1054.6
30.375
91.3976
0
3203.65
1054.6
30.375
91.3976
0
1149.03
-27.347
792.613
86.3911
0
2026.36
-27.347
792.613
86.3911
0
1941.58
25.7298
88.4553
33.104
0
1057.42
726.587
882.519
165.216
0
2028.06
726.587
882.519
165.216
0
1939.98
851.817
134.311
40.0452
0
1117.74
890.845
30.0586
232.072
0
2820.2
890.845
30.0586
232.072
0
1147.8
1092.54
254.999
30.375
0
2565.2
1092.54
254.999
30.375
0
1374
1092.54
28.793
247.162
0
2565.2
1092.54
28.793
247.162
0
1220.55
1308.38
153.457
31.3242
0
2594
1308.38
153.457
31.3242
0
1220.55
1178.34
29.4258
130.043
0
2718.03
1178.34
29.4258
130.043
0
1108.85
1178.34
141.125
33.2227
0
2718.03
1178.34
141.125
33.2227
0
1108.85
1211.56
38.2852
248.884
0
2820.87
1211.56
38.2852
248.884
0
1147.13
1411.74
795.774
48.7012
0
2025.09
1411.74
795.774
48.7012
0
1942.59
1411.74
95.8711
52.207
0
1540.98
963.608
119.812
183.516
0
2307.21
963.608
119.812
183.516
0
1795.93
1092.55
376.707
247.027
0
-30.8702
1471.54
162.844
36.2812
0
3836.03
1471.54
162.844
36.2812
0
-18.214
-43.2548
18.1406
1514.79
0
3968.07
-43.2548
18.1406
1514.79
0
-0.0733261
-45.3642
150.188
45.1406
0
3817.89
-45.3642
150.188
45.1406
0
404.129
-41.9047
456.857
41.625
0
3107.01
-41.9047
456.857
41.625
0
3106.24
1472.84
428.062
51.1875
0
433.696
1472.84
428.062
51.1875
0
-0.659505
603.598
910.474
43.875
1
3058.19
603.598
910.474
43.875
1
859.752
-51.3631
41.625
653.837
1
3066.62
-51.3631
41.625
653.837
1
-2.544
798.964
920.169
67.5
1
3050.38
798.964
920.168
67.5
1
860.25
865.902
39.375
649.545
1
3068.38
865.902
39.375
649.545
1
961.721
-32.0303
160.312
730.892
0
2845.97
-32.0303
160.312
730.892
0
965.235
772.921
93.3749
746.503
0
2909.39
772.921
93.375
746.503
0
1121.04
657.966
453.418
39.9375
0
2393.54
657.966
453.418
39.9375
0
end blocks
start foreground
end foreground
begin portal
1176.66
216.112
17.4375
16.3125
1127.72
282.487
1
1174.97
1239.98
17.4375
17.4375
1122.09
1178.1
1
662.285
1176.17
18
16.875
602.66
1115.98
1
661.262
279.835
20.8125
17.4375
614.574
329.897
1
56.5371
55.7823
16.3125
19.6875
116.162
59.7198
1
1446.68
232.34
15.1875
13.5
1449.63
277.059
1
1447.22
1224.67
14.7656
15.1875
1445.95
1158.43
1
2504.14
1224.82
18.5625
16.4531
2506.24
1172.51
1
2777.05
1241.27
16.4531
16.0312
2833.16
1178.41
1
3895.66
1400.24
18.5625
16.4531
3845.04
1404.03
1
3285.42
1177.31
19.8281
15.6094
3336.89
1127.11
1
3286.69
280.373
18.9844
15.6094
3337.31
329.311
1
2775.29
216.337
18.3516
16.1367
2840.35
280.459
1
3896.59
57.0897
16.875
14.0625
3844.27
59.9022
1
2505.16
231.905
18.5625
15.75
2504.6
278.03
1
55.3264
1400.35
17.4375
16.875
114.951
1402.03
1
end portal
begin gun giver
end gun giver
begin underground image
undergroundmap.png
end underground image
