start blocks
3126.63
253.757
70
393
771.371
253.757
70
393
3050.63
568.757
146
74.9999
771.371
568.757
146
74.9999
3165.63
373.757
333
95
469.371
373.757
333
95
3235.21
106.757
732
117
0.787598
106.757
732
117
3872.21
121.757
101
1234.06
-5.2124
121.757
101
1234.06
3216.21
1262.82
755
98
-3.2124
1262.82
755
98
3055.21
817.816
231
531
681.788
817.816
231
531
3159.21
997.816
298
106
510.788
997.816
298
106
3382.21
1147.82
77
70
508.788
1147.82
77
70
3514.21
1151.82
73
139
380.788
1151.82
73
139
3573.21
823.816
66
200
328.788
823.816
66
200
3640.21
508.19
130
387
197.788
508.19
130
387
3575.21
451.617
71
193
321.788
451.617
71
193
3572.21
382.617
197
78
198.788
382.617
197
78
3580.21
1025.09
187
61
200.788
1025.09
187
61
3518.38
233.162
47
72
402.618
233.162
47
72
3397.38
263.162
54
55
516.618
263.162
54
55
end blocks
start foreground
bush.png
894.006
722.866
bush.png
981.492
441.287
end foreground
begin portal
1860.19
623.094
249.679
243.358
1743.25
689.465
2
end portal
begin gun giver
3414.16
735.983
1
553.837
735.983
1
3416.16
911.983
0
551.837
911.983
0
3419.16
569.983
2
548.837
569.983
2
end gun giver
begin overground image
maptest.png
end overground image
begin red flag
173.77
734.855
end red flag
begin blue flag
3794.23
734.855
end blue flag
begin red spawn
343.153
654.699
123.259
158.025
end red spawn
begin blue spawn
3514.16
641.983
123
185
end blue spawn
