start blocks
364
142
372
206
373
269
373
331
371
392
367
452
366
512
363.281
697.266
359.375
759.766
355.469
820.312
25.3906
134.766
19.5312
199.219
1.95312
384.766
-5.85937
453.125
-7.81249
517.578
-13.6719
582.031
-15.625
646.484
-21.4844
708.984
-23.4375
773.438
-27.3438
833.984
-91.7969
873.047
-156.25
878.906
-216.797
880.859
-277.344
880.859
-341.797
880.859
-406.25
882.812
-466.797
882.812
-527.344
882.812
-595.703
882.812
-662.109
882.812
-724.609
882.812
-761.719
820.312
-757.812
634.766
-687.5
609.375
-613.281
609.375
-542.969
609.375
-343.75
617.188
-281.25
617.188
-220.703
617.188
-775.391
406.25
-712.891
410.156
-652.344
410.156
-591.797
410.156
-519.531
410.156
-445.312
410.156
-375
410.156
-312.5
410.156
-250
408.203
-187.5
406.25
-126.953
406.25
-66.4062
406.25
-843.75
404.297
-904.297
400.391
-929.688
330.078
-933.594
255.859
-933.594
187.5
-873.047
197.266
-808.594
193.359
-748.047
197.266
-685.547
197.266
-625
197.266
-558.594
197.266
-492.188
193.359
-431.641
189.453
-363.281
183.594
-300.781
183.594
-238.281
183.594
-177.734
183.594
-1052.73
1111.33
-990.234
1115.23
-929.688
1115.23
-869.141
1117.19
-806.641
1117.19
-744.141
1117.19
-673.828
1121.09
-599.609
1121.09
-529.297
1121.09
-458.984
1121.09
-392.578
1121.09
-328.125
1121.09
-263.672
1121.09
-199.219
1121.09
-138.672
1121.09
-1121.09
21.4844
-1123.05
89.8438
-1125
160.156
-1125
222.656
-1125
289.062
-1125
357.422
-1125
423.828
-1125
486.328
-1125
552.734
-1125
615.234
-1125
687.5
-1125
751.953
-1125
812.5
-1125
873.047
-1125
935.547
-1121.09
998.047
-1117.19
1064.45
-1123.05
1126.95
-1125
1187.5
-1123.05
1250
-1103.52
1310.55
-1103.52
1375
-1105.47
1439.45
-1105.47
1500
-1107.42
1560.55
-1046.88
1605.47
-986.328
1609.38
-917.969
1611.33
-855.469
1615.23
-787.109
1615.23
-716.797
1619.14
-656.25
1621.09
-582.031
1625
-515.625
1625
-445.312
1628.91
-384.766
1628.91
-320.313
1628.91
-251.953
1630.86
-191.406
1630.86
-125
1630.86
-60.5469
1626.95
1.95312
1623.05
68.3594
1621.09
132.813
1615.23
201.172
1613.28
261.719
1611.33
324.219
1607.42
384.766
1607.42
451.172
1607.42
513.672
1607.42
583.984
1607.42
656.25
1607.42
716.797
1607.42
777.344
1607.42
845.703
1605.47
923.828
1605.47
988.281
1605.47
1052.73
1605.47
1113.28
1605.47
1173.83
1605.47
1236.33
1603.52
1298.83
1603.52
1365.23
1601.56
1425.78
1601.56
1488.28
1601.56
1548.83
1601.56
1572.27
1537.11
1572.27
1470.7
1574.22
1406.25
1580.08
1345.7
1583.98
1283.2
1593.75
1218.75
1593.75
1158.2
1589.84
1095.7
1585.94
1029.3
1587.89
958.984
1593.75
892.578
1595.7
832.031
1603.52
769.531
1607.42
703.125
1603.52
628.906
1605.47
562.5
1601.56
492.188
1597.66
425.781
1595.7
359.375
1597.66
291.016
1597.66
228.516
1597.66
167.969
1591.8
105.469
1591.8
44.9219
1527.34
9.7656
1464.84
9.7656
1404.3
2.9297
1340.82
2.9297
1272.46
2.9297
1208.98
2.9297
1143.07
5.3711
1077.15
5.3711
1011.23
5.3711
947.754
5.3711
879.395
2.9297
811.035
0.488301
750
0.488301
688.965
0.488301
627.93
0.488301
-1051.76
-21.4844
-956.543
-28.8086
-893.066
-28.8086
-832.031
-28.8086
-756.348
-28.8086
-678.223
-28.8086
-612.305
-28.8086
-541.504
-33.6914
-470.703
-33.6914
-397.461
-33.6914
-331.543
-33.6914
-260.742
-33.6914
-199.707
-33.6914
-124.023
-33.6914
-58.1055
-33.6914
10.2539
-33.6914
73.7305
-33.6914
137.207
-33.6914
205.566
-33.6914
266.602
-33.6914
330.078
-33.6914
393.555
-33.6914
461.914
-33.6914
522.949
-33.6914
574.219
247.07
649.902
247.07
732.91
247.07
806.152
247.07
879.395
247.07
959.961
247.07
1033.2
247.07
1094.24
247.07
1155.27
234.863
1223.63
237.305
1296.88
237.305
1357.91
237.305
581.543
378.906
645.02
381.348
710.938
381.348
774.414
381.348
835.449
381.348
901.367
381.348
964.844
381.348
1025.88
381.348
1094.24
383.789
1155.27
383.789
1218.75
383.789
1284.67
383.789
1313.96
444.824
1318.85
505.859
1316.41
566.895
1313.96
691.406
1311.52
754.883
1301.76
820.801
1304.2
881.836
1304.2
942.871
1301.76
1003.91
1287.11
630.371
1172.36
542.48
1101.56
540.039
1038.09
540.039
974.609
540.039
913.574
540.039
837.891
540.039
762.207
540.039
701.172
540.039
640.137
540.039
579.102
559.57
574.219
625.488
571.777
688.965
581.543
750
581.543
813.477
649.902
840.332
720.703
830.566
786.621
825.684
847.656
823.242
916.016
823.242
977.051
823.242
1038.09
823.242
1099.12
823.242
1094.24
884.277
1089.36
950.195
1069.82
1013.67
1055.18
1074.71
857.422
1074.71
791.504
1074.71
730.469
1074.71
662.109
1074.71
596.191
1072.27
532.715
1069.82
515.625
1135.74
503.418
1196.78
486.328
1257.81
474.121
1318.85
886.719
1279.79
881.836
1340.82
1069.82
1135.74
1069.82
1208.98
1072.27
1270.02
1135.74
1294.43
1211.43
1294.43
1287.11
1294.43
1348.14
1294.43
908.691
1401.86
986.816
1418.95
1055.18
1428.71
1123.54
1438.48
1184.57
1440.92
1248.05
1440.92
1309.08
1458.01
447.266
1379.88
430.176
1440.92
369.141
1455.57
303.223
1458.01
239.746
1458.01
176.27
1460.45
-21.4844
1465.33
-89.8438
1467.77
-160.645
1470.21
-226.562
1470.21
-287.598
1470.21
-351.074
1470.21
-412.109
1470.21
-475.586
1470.21
-746.582
1309.08
-678.223
1306.64
-614.746
1306.64
-546.387
1306.64
-485.352
1306.64
-419.434
1306.64
-353.516
1309.08
-292.48
1309.08
-226.562
1309.08
-160.645
1309.08
-99.6094
1309.08
-36.1328
1309.08
24.9023
1309.08
85.9375
1309.08
-539.062
1458.01
-600.098
1455.57
-663.574
1455.57
-727.051
1455.57
-788.086
1453.12
-851.562
1453.12
149.414
1323.73
146.973
1384.77
end blocks
start foreground
823.242
1194.34
-983.398
1128.42
-451.172
618.164
81.0547
1038.09
454.59
610.84
132.324
127.441
-927.246
183.594
end foreground
