start blocks
129.235
383.196
254
63
0
3584.76
383.196
254
63
0
320.235
444.196
63
194
0
3584.76
444.196
63
194
0
257.235
576.196
64
318
0
3646.76
576.196
64
318
0
129.235
642.196
133
62
0
3705.76
642.196
133
62
0
193.235
702.196
64
128
0
3710.76
702.196
64
128
0
128.235
769.196
98
62
0
3741.76
769.196
98
62
0
317.235
830.716
66
255
0
3584.76
830.716
66
255
0
128.235
1024.72
241
62
0
3598.76
1024.72
241
62
0
1.39249
129.113
701
63
0
3265.61
129.113
701
63
0
384.392
191.113
64
129
0
3519.61
191.113
64
129
0
513.392
257.113
62
63
0
3392.61
257.113
62
63
0
-0.836533
188.113
64
1155.2
0
3904.84
188.113
64
1155.2
0
63.1635
1281.32
638.742
62
0
3266.09
1281.32
638.742
62
0
640.601
1217.32
126
63
0
3201.4
1217.32
126
63
0
704.601
1153.32
128
63
0
3135.4
1153.32
128
63
0
767.601
832.941
63
320.376
0
3137.4
832.941
63
320.376
0
767.601
832.941
128
60
0
3072.4
832.941
128
60
0
512.601
1022.94
264
64.0001
0
3191.4
1022.94
264
64.0001
0
383.996
1151.94
64
129
0
3520
1151.94
64
129
0
512.996
1150.94
65
65
0
3390
1150.94
65
65
0
58.1607
894.854
135
64
0
3774.84
894.854
135
64
0
57.1607
509.89
135
65
0
3775.84
509.89
135
65
0
640.311
191.489
127
65
0
3200.69
191.489
127
65
0
705.311
254.489
127
65
0
3135.69
254.489
127
65
0
769.311
319.489
65
320
0
3133.69
319.489
65
320
0
834.311
577.489
61
62
0
3072.69
577.489
61
62
0
513.311
383.489
259
64
0
3195.69
383.489
259
64
0
1730.63
768.785
123
188.25
0
2114.37
768.785
123
188.25
0
1477.94
-0.935913
107.25
126
0
2382.81
-0.935913
107.25
126
0
1540.94
124.314
182.25
319.94
0
2244.81
124.314
182.25
319.94
0
1723.94
1.0965
63.75
249.657
0
2180.31
1.0965
63.75
249.657
0
1788.44
0.346497
61.5
186
0
2118.06
0.346497
61.5
186
0
1847.25
91.8465
283.5
33
0
1924.86
320.087
120.75
126
0
2117.67
513.917
117.75
184.5
0
1732.58
513.917
117.75
184.5
0
1925.82
1028.26
118.125
118.688
0
1475.02
1346.27
95.0625
124.312
0
2397.91
1346.27
95.0625
124.312
0
1539.88
1026.91
183.375
318.938
0
2244.74
1026.91
183.375
318.938
0
1723.24
1220.26
64.6875
153
0
2180.07
1220.26
64.6875
153
0
1788.49
1284.95
62.4375
120.938
0
2117.07
1284.95
62.4375
120.938
0
1850.44
1346.83
271.125
83.8125
0
-0.026886
-16.1413
958.033
16.196
0
3009.99
-16.1413
958.033
16.196
0
-10.4496
-0.156694
10.5007
1476.1
0
3967.95
-0.156694
10.5007
1476.1
0
-0.126881
1472.03
943.116
105.429
0
3025.01
1472.03
943.116
105.429
0
926.229
0.0932377
514.125
160.312
1
2527.65
0.0932377
514.125
160.312
1
991.479
160.968
129.938
95.625
1
2846.58
160.968
129.938
95.625
1
1120.85
158.156
257.062
68.0625
1
2590.08
158.156
257.062
68.0625
1
1247.42
224.824
130.5
167.104
1
2590.08
224.824
130.5
167.104
1
992.042
318.24
129.375
99
1
2846.58
318.24
129.375
99
1
1054.48
350.083
322.312
289.688
1
2591.21
350.083
322.312
289.688
1
1055.04
829.21
322.312
291.938
1
2590.65
829.21
322.312
291.938
1
992.042
1056.46
128.812
96.1876
1
2847.15
1056.46
128.812
96.1876
1
1246.46
1120.72
131.062
261
1
2590.48
1120.72
131.062
261
1
990.521
1214.66
131.625
135.562
1
2845.85
1214.66
131.625
135.562
1
1121.58
1246.16
180.562
125.438
1
2665.85
1246.16
180.562
125.438
1
926.426
1311.43
514.125
185.062
1
2527.45
1311.43
514.125
185.062
1
895.566
1472.07
597.626
28.2656
0
2474.81
1472.07
597.626
28.2656
0
2489.67
-28.0113
588.014
28.1602
0
890.32
-28.0113
588.014
28.1602
0
end blocks
start foreground
overgroundgrass1.png
1455.68
237.571
overgroundgrass1.png
2512.32
237.571
overgroundgrass1.png
1454.68
1230.76
overgroundgrass1.png
2513.32
1230.76
overgroundgrass1.png
64.224
61.5134
overgroundgrass1.png
3903.78
61.5134
overgroundgrass1.png
125.994
255.311
overgroundgrass1.png
3842.01
255.311
overgroundgrass1.png
125.994
1216.35
overgroundgrass1.png
3842.01
1216.35
overgroundgrass5.png
2113.2
1217.94
overgroundgrass5.png
1850.58
250.968
overgroundgrass6.png
2114.35
251.39
overgroundgrass6.png
1851.41
1216.56
overgroundgrass7.png
1788.95
735.035
overgroundgrass7.png
2179.05
735.035
overgroundgrass7.png
1983.03
997.898
overgroundgrass7.png
1984.7
475.295
overgroundgrass24.png
1984.16
736.845
overgroundgrass33.png
674.245
1189.85
overgroundgrass30.png
666.923
282.611
overgroundgrass31.png
3299.8
284.169
overgroundgrass32.png
3297.27
1186.17
overgroundgrass1.png
3904.67
1406.87
overgroundgrass1.png
63.3264
1406.87
end foreground
begin portal
1173.28
278.55
21.9375
19.6875
1176.09
162.112
2
1175.53
1176.68
19.125
17.4375
1178.34
1297.35
2
663.973
1176.17
18
17.4375
720.785
1176.73
2
663.512
280.397
17.4375
18
725.387
280.397
2
55.9746
55.7823
17.4375
17.4375
58.2246
112.032
2
1447.94
231.075
15.6094
15.6094
1507.85
233.184
2
1446.42
1224.7
18.5625
17.2969
1507.12
1223.4
2
2504.57
1224.57
17.2969
17.2969
2437.9
1222.71
2
2776.2
1176.73
16.4531
16.4531
2779.16
1299.91
2
3894.82
1401.5
18.5625
15.6094
3896.51
1349.61
2
3285.84
1176.89
20.25
17.2969
3214.13
1176.05
2
3287.11
281.217
18.5625
17.2969
3217.5
280.795
2
3894.82
56.9825
16.875
16.4531
3900.73
107.608
2
2774.66
280.133
18.3516
17.7188
2774.03
163.181
2
2504.39
231.416
16.1367
14.5547
2440.06
228.569
2
55.8142
1399.86
17.7188
16.875
57.5017
1256.46
2
end portal
begin gun giver
544.076
576.558
2
3423.92
576.558
2
544.01
576.228
2
3423.99
576.228
2
543.476
735.791
1
3424.52
735.791
1
544.01
896.594
0
3423.99
896.594
0
end gun giver
begin overground image
maptest.png
end overground image
begin red flag
161.58
735.555
end red flag
begin blue flag
3807.34
737.276
end blue flag
begin red spawn
343.153
654.699
123.259
158.025
end red spawn
begin blue spawn
3514.16
641.983
123
185
end blue spawn
