start blocks
130.104
-31.0858
187.5
347.25
3650.4
-31.0858
187.5
347.25
316.933
-7.08075
63
128.25
3588.07
-7.08075
63
128.25
378.808
-31.8307
65.25
88.875
3523.94
-31.8307
65.25
88.875
517.04
132.402
246.375
117.562
3204.58
132.402
246.375
117.562
517.04
248.839
118.125
194.625
3332.83
248.839
118.125
194.625
635.165
322.527
129.375
120.938
3203.46
322.527
129.375
120.938
131.184
384.428
186
123.75
3650.82
384.428
186
123.75
860.492
-29.8804
36.2812
633.836
3071.23
-29.8804
36.2812
633.836
1116.5
27.5022
32.0625
263.25
2819.44
27.5022
32.0625
263.25
1148.56
257.565
102.938
33.1875
2716.5
257.565
102.938
33.1875
1219.43
133.815
32.0625
123.75
2716.5
133.815
32.0625
123.75
1245.31
133.252
157.5
29.8125
2565.19
133.252
157.5
29.8125
1373.56
162.502
32.625
217.888
2561.82
162.502
32.625
217.888
1116.5
348.328
259.312
30.9375
2592.19
348.328
259.312
30.9375
1116.5
348.328
33.1875
262.123
2818.32
348.328
33.1875
262.123
1149.26
579.084
793.193
55.3882
2025.55
579.084
793.193
55.3882
1942.32
579.082
85.6077
53.2156
1795.91
130.444
375.888
32.1273
1797.44
349.321
373.409
28.4766
1796.42
157.465
30.0586
191.171
2141.22
160.945
30.375
191.857
2308.47
323.55
119.424
184.182
1540.51
322.527
119.812
185.625
862.144
805.782
32.2734
665.59
3073.58
805.782
32.2734
665.59
-0.173954
603.797
905.85
40.5
3062.32
603.797
905.85
40.5
-0.571541
814.639
877.843
51.5742
3090.73
814.639
877.843
51.5742
132.225
964.579
184.781
119.285
3650.99
964.579
184.781
119.285
132.857
1155.84
184.465
356.957
3650.68
1155.84
184.465
356.957
317.145
1348.68
62.9648
174.099
3587.89
1348.68
62.9648
174.099
379.161
1412.35
64.5469
75.9375
3524.29
1412.35
64.5469
75.9375
517.598
1028.29
244.33
27.5273
3206.07
1028.29
244.33
27.5273
517.598
1028.29
30.375
310.836
3420.03
1028.29
30.375
310.836
547.973
1309.7
215.112
29.4258
3204.91
1309.7
215.112
29.4258
734.925
1220.48
28.1602
89.2266
3204.91
1220.48
28.1602
89.2266
608.046
1220.48
126.879
29.6208
3233.07
1220.48
126.879
29.6208
608.046
1115.94
28.1602
134.156
3331.79
1115.94
28.1602
134.156
636.206
1115.94
128.145
30.0586
3203.65
1115.94
128.145
30.0586
733.976
1054.6
30.375
91.3976
3203.65
1054.6
30.375
91.3976
1149.03
-27.347
792.613
86.3911
2026.36
-27.347
792.613
86.3911
1941.58
25.7298
88.4553
33.104
1057.42
726.587
882.519
165.216
2028.06
726.587
882.519
165.216
1939.98
851.817
134.311
40.0452
1117.74
890.845
30.0586
232.072
2820.2
890.845
30.0586
232.072
1147.8
1092.54
254.999
30.375
2565.2
1092.54
254.999
30.375
1374
1092.54
28.793
247.162
2565.2
1092.54
28.793
247.162
1220.55
1308.38
153.457
31.3242
2594
1308.38
153.457
31.3242
1220.55
1178.34
29.4258
130.043
2718.03
1178.34
29.4258
130.043
1108.85
1178.34
141.125
33.2227
2718.03
1178.34
141.125
33.2227
1108.85
1211.56
38.2852
248.884
2820.87
1211.56
38.2852
248.884
1147.13
1411.74
795.774
48.7012
2025.09
1411.74
795.774
48.7012
1942.59
1411.74
95.8711
52.207
1540.98
963.608
119.812
183.516
2307.21
963.608
119.812
183.516
1795.93
1092.55
376.707
247.027
-30.8702
1471.54
162.844
36.2812
3836.03
1471.54
162.844
36.2812
-18.214
-43.2548
18.1406
1514.79
3968.07
-43.2548
18.1406
1514.79
-0.0733261
-45.3642
150.188
45.1406
3817.89
-45.3642
150.188
45.1406
404.129
-41.9047
456.857
41.625
3107.01
-41.9047
456.857
41.625
3106.24
1472.84
428.062
51.1875
433.696
1472.84
428.062
51.1875
end blocks
start foreground
end foreground
begin portal
2778.9
216.548
13.5
18
2838.15
281.048
1
1177.58
219.449
12.0234
10.7578
1122.84
283.996
1
end portal
begin gun giver
end gun giver
begin underground image
undergroundmap.png
end underground image
